# Output TH1D: 13 (+/-pion energy )
# BinCenter,Content,BinHalfWidth,Error
50,2,50,1.41421
150,3,50,1.73205
250,12,50,3.4641
350,9,50,3
450,13,50,3.60555
550,8,50,2.82843
650,16,50,4
750,13,50,3.60555
850,9,50,3
950,11,50,3.31662
1050,10,50,3.16228
1150,18,50,4.24264
1250,15,50,3.87298
1350,12,50,3.4641
1450,7,50,2.64575
1550,12,50,3.4641
1650,10,50,3.16228
1750,10,50,3.16228
1850,19,50,4.3589
1950,12,50,3.4641
2050,4,50,2
2150,13,50,3.60555
2250,10,50,3.16228
2350,7,50,2.64575
2450,14,50,3.74166
2550,9,50,3
2650,9,50,3
2750,6,50,2.44949
2850,10,50,3.16228
2950,6,50,2.44949
3050,11,50,3.31662
3150,7,50,2.64575
3250,6,50,2.44949
3350,6,50,2.44949
3450,2,50,1.41421
3550,4,50,2
3650,5,50,2.23607
3750,5,50,2.23607
3850,8,50,2.82843
3950,6,50,2.44949
4050,8,50,2.82843
4150,6,50,2.44949
4250,8,50,2.82843
4350,9,50,3
4450,6,50,2.44949
4550,8,50,2.82843
4650,3,50,1.73205
4750,1,50,1
4850,9,50,3
4950,4,50,2
5050,1,50,1
5150,2,50,1.41421
5250,3,50,1.73205
5350,3,50,1.73205
5450,5,50,2.23607
5550,9,50,3
5650,6,50,2.44949
5750,3,50,1.73205
5850,3,50,1.73205
5950,6,50,2.44949
6050,5,50,2.23607
6150,5,50,2.23607
6250,6,50,2.44949
6350,3,50,1.73205
6450,9,50,3
6550,2,50,1.41421
6650,5,50,2.23607
6750,4,50,2
6850,4,50,2
6950,4,50,2
7050,4,50,2
7150,2,50,1.41421
7250,3,50,1.73205
7350,2,50,1.41421
7450,2,50,1.41421
7550,3,50,1.73205
7650,3,50,1.73205
7750,2,50,1.41421
7850,3,50,1.73205
7950,4,50,2
8050,2,50,1.41421
8150,4,50,2
8250,2,50,1.41421
8350,1,50,1
8450,2,50,1.41421
8550,1,50,1
8650,2,50,1.41421
8750,3,50,1.73205
8850,5,50,2.23607
8950,2,50,1.41421
9050,5,50,2.23607
9150,3,50,1.73205
9250,4,50,2
9350,1,50,1
9450,5,50,2.23607
9550,0,50,0
9650,3,50,1.73205
9750,7,50,2.64575
9850,7,50,2.64575
9950,1,50,1
10050,0,50,0
10150,2,50,1.41421
10250,3,50,1.73205
10350,4,50,2
10450,1,50,1
10550,4,50,2
10650,1,50,1
10750,0,50,0
10850,2,50,1.41421
10950,3,50,1.73205
11050,0,50,0
11150,2,50,1.41421
11250,2,50,1.41421
11350,0,50,0
11450,5,50,2.23607
11550,3,50,1.73205
11650,3,50,1.73205
11750,1,50,1
11850,2,50,1.41421
11950,2,50,1.41421
12050,1,50,1
12150,2,50,1.41421
12250,0,50,0
12350,3,50,1.73205
12450,2,50,1.41421
12550,1,50,1
12650,5,50,2.23607
12750,4,50,2
12850,1,50,1
12950,2,50,1.41421
13050,0,50,0
13150,1,50,1
13250,1,50,1
13350,2,50,1.41421
13450,1,50,1
13550,1,50,1
13650,5,50,2.23607
13750,3,50,1.73205
13850,1,50,1
13950,1,50,1
14050,1,50,1
14150,3,50,1.73205
14250,2,50,1.41421
14350,3,50,1.73205
14450,3,50,1.73205
14550,1,50,1
14650,3,50,1.73205
14750,1,50,1
14850,1,50,1
14950,3,50,1.73205
15050,1,50,1
15150,2,50,1.41421
15250,3,50,1.73205
15350,0,50,0
15450,1,50,1
15550,3,50,1.73205
15650,2,50,1.41421
15750,0,50,0
15850,2,50,1.41421
15950,1,50,1
16050,2,50,1.41421
16150,1,50,1
16250,3,50,1.73205
16350,4,50,2
16450,1,50,1
16550,2,50,1.41421
16650,0,50,0
16750,6,50,2.44949
16850,3,50,1.73205
16950,3,50,1.73205
17050,0,50,0
17150,0,50,0
17250,1,50,1
17350,0,50,0
17450,1,50,1
17550,1,50,1
17650,0,50,0
17750,2,50,1.41421
17850,1,50,1
17950,0,50,0
18050,1,50,1
18150,0,50,0
18250,2,50,1.41421
18350,4,50,2
18450,5,50,2.23607
18550,1,50,1
18650,3,50,1.73205
18750,0,50,0
18850,3,50,1.73205
18950,1,50,1
19050,2,50,1.41421
19150,0,50,0
19250,2,50,1.41421
19350,0,50,0
19450,1,50,1
19550,1,50,1
19650,2,50,1.41421
19750,1,50,1
19850,0,50,0
19950,1,50,1
20050,0,50,0
20150,2,50,1.41421
20250,0,50,0
20350,1,50,1
20450,0,50,0
20550,3,50,1.73205
20650,1,50,1
20750,0,50,0
20850,1,50,1
20950,2,50,1.41421
21050,0,50,0
21150,1,50,1
21250,1,50,1
21350,1,50,1
21450,1,50,1
21550,1,50,1
21650,1,50,1
21750,5,50,2.23607
21850,1,50,1
21950,2,50,1.41421
22050,1,50,1
22150,1,50,1
22250,1,50,1
22350,0,50,0
22450,1,50,1
22550,0,50,0
22650,0,50,0
22750,1,50,1
22850,0,50,0
22950,0,50,0
23050,1,50,1
23150,0,50,0
23250,0,50,0
23350,3,50,1.73205
23450,0,50,0
23550,2,50,1.41421
23650,0,50,0
23750,1,50,1
23850,0,50,0
23950,2,50,1.41421
24050,0,50,0
24150,0,50,0
24250,0,50,0
24350,0,50,0
24450,2,50,1.41421
24550,1,50,1
24650,0,50,0
24750,0,50,0
24850,1,50,1
24950,0,50,0
25050,1,50,1
25150,0,50,0
25250,1,50,1
25350,0,50,0
25450,2,50,1.41421
25550,0,50,0
25650,2,50,1.41421
25750,0,50,0
25850,0,50,0
25950,1,50,1
26050,0,50,0
26150,1,50,1
26250,3,50,1.73205
26350,1,50,1
26450,1,50,1
26550,0,50,0
26650,0,50,0
26750,0,50,0
26850,1,50,1
26950,0,50,0
27050,4,50,2
27150,0,50,0
27250,0,50,0
27350,0,50,0
27450,1,50,1
27550,1,50,1
27650,0,50,0
27750,0,50,0
27850,1,50,1
27950,1,50,1
28050,0,50,0
28150,0,50,0
28250,0,50,0
28350,0,50,0
28450,1,50,1
28550,2,50,1.41421
28650,1,50,1
28750,0,50,0
28850,0,50,0
28950,1,50,1
29050,1,50,1
29150,0,50,0
29250,0,50,0
29350,0,50,0
29450,2,50,1.41421
29550,0,50,0
29650,1,50,1
29750,0,50,0
29850,0,50,0
29950,1,50,1
30050,0,50,0
30150,0,50,0
30250,1,50,1
30350,1,50,1
30450,1,50,1
30550,0,50,0
30650,0,50,0
30750,0,50,0
30850,0,50,0
30950,0,50,0
31050,0,50,0
31150,1,50,1
31250,0,50,0
31350,1,50,1
31450,0,50,0
31550,0,50,0
31650,2,50,1.41421
31750,0,50,0
31850,1,50,1
31950,0,50,0
32050,0,50,0
32150,0,50,0
32250,1,50,1
32350,1,50,1
32450,0,50,0
32550,1,50,1
32650,0,50,0
32750,0,50,0
32850,0,50,0
32950,0,50,0
33050,1,50,1
33150,0,50,0
33250,0,50,0
33350,0,50,0
33450,1,50,1
33550,0,50,0
33650,0,50,0
33750,1,50,1
33850,1,50,1
33950,0,50,0
34050,0,50,0
34150,1,50,1
34250,0,50,0
34350,1,50,1
34450,1,50,1
34550,0,50,0
34650,1,50,1
34750,0,50,0
34850,0,50,0
34950,0,50,0
35050,0,50,0
35150,0,50,0
35250,2,50,1.41421
35350,0,50,0
35450,0,50,0
35550,0,50,0
35650,1,50,1
35750,0,50,0
35850,0,50,0
35950,0,50,0
36050,0,50,0
36150,1,50,1
36250,1,50,1
36350,1,50,1
36450,2,50,1.41421
36550,0,50,0
36650,0,50,0
36750,0,50,0
36850,1,50,1
36950,0,50,0
37050,1,50,1
37150,0,50,0
37250,0,50,0
37350,0,50,0
37450,1,50,1
37550,0,50,0
37650,1,50,1
37750,1,50,1
37850,0,50,0
37950,0,50,0
38050,0,50,0
38150,0,50,0
38250,1,50,1
38350,0,50,0
38450,1,50,1
38550,1,50,1
38650,0,50,0
38750,1,50,1
38850,0,50,0
38950,1,50,1
39050,1,50,1
39150,0,50,0
39250,0,50,0
39350,0,50,0
39450,0,50,0
39550,0,50,0
39650,0,50,0
39750,0,50,0
39850,1,50,1
39950,0,50,0
40050,1,50,1
40150,0,50,0
40250,0,50,0
40350,0,50,0
40450,0,50,0
40550,0,50,0
40650,0,50,0
40750,0,50,0
40850,0,50,0
40950,0,50,0
41050,1,50,1
41150,0,50,0
41250,0,50,0
41350,0,50,0
41450,0,50,0
41550,0,50,0
41650,0,50,0
41750,0,50,0
41850,0,50,0
41950,1,50,1
42050,0,50,0
42150,0,50,0
42250,0,50,0
42350,1,50,1
42450,0,50,0
42550,0,50,0
42650,1,50,1
42750,0,50,0
42850,0,50,0
42950,0,50,0
43050,0,50,0
43150,0,50,0
43250,0,50,0
43350,1,50,1
43450,0,50,0
43550,0,50,0
43650,0,50,0
43750,0,50,0
43850,0,50,0
43950,0,50,0
44050,0,50,0
44150,0,50,0
44250,0,50,0
44350,0,50,0
44450,0,50,0
44550,0,50,0
44650,0,50,0
44750,0,50,0
44850,0,50,0
44950,0,50,0
45050,0,50,0
45150,1,50,1
45250,0,50,0
45350,0,50,0
45450,0,50,0
45550,0,50,0
45650,0,50,0
45750,0,50,0
45850,0,50,0
45950,0,50,0
46050,0,50,0
46150,0,50,0
46250,0,50,0
46350,0,50,0
46450,0,50,0
46550,1,50,1
46650,0,50,0
46750,0,50,0
46850,0,50,0
46950,0,50,0
47050,0,50,0
47150,0,50,0
47250,0,50,0
47350,0,50,0
47450,0,50,0
47550,1,50,1
47650,0,50,0
47750,0,50,0
47850,0,50,0
47950,0,50,0
48050,0,50,0
48150,0,50,0
48250,0,50,0
48350,0,50,0
48450,0,50,0
48550,0,50,0
48650,0,50,0
48750,0,50,0
48850,0,50,0
48950,0,50,0
49050,0,50,0
49150,0,50,0
49250,0,50,0
49350,0,50,0
49450,0,50,0
49550,0,50,0
49650,1,50,1
49750,0,50,0
49850,0,50,0
49950,0,50,0
50050,0,50,0
50150,0,50,0
50250,0,50,0
50350,0,50,0
50450,0,50,0
50550,0,50,0
50650,0,50,0
50750,0,50,0
50850,1,50,1
50950,0,50,0
51050,0,50,0
51150,0,50,0
51250,1,50,1
51350,0,50,0
51450,0,50,0
51550,1,50,1
51650,0,50,0
51750,0,50,0
51850,0,50,0
51950,0,50,0
52050,0,50,0
52150,0,50,0
52250,0,50,0
52350,0,50,0
52450,0,50,0
52550,0,50,0
52650,0,50,0
52750,0,50,0
52850,1,50,1
52950,0,50,0
53050,0,50,0
53150,0,50,0
53250,1,50,1
53350,0,50,0
53450,0,50,0
53550,0,50,0
53650,0,50,0
53750,0,50,0
53850,0,50,0
53950,0,50,0
54050,0,50,0
54150,0,50,0
54250,0,50,0
54350,1,50,1
54450,0,50,0
54550,0,50,0
54650,0,50,0
54750,0,50,0
54850,0,50,0
54950,0,50,0
55050,0,50,0
55150,0,50,0
55250,0,50,0
55350,0,50,0
55450,1,50,1
55550,0,50,0
55650,1,50,1
55750,0,50,0
55850,0,50,0
55950,1,50,1
56050,0,50,0
56150,1,50,1
56250,0,50,0
56350,0,50,0
56450,0,50,0
56550,0,50,0
56650,0,50,0
56750,0,50,0
56850,0,50,0
56950,0,50,0
57050,0,50,0
57150,0,50,0
57250,0,50,0
57350,0,50,0
57450,0,50,0
57550,0,50,0
57650,0,50,0
57750,0,50,0
57850,0,50,0
57950,0,50,0
58050,0,50,0
58150,0,50,0
58250,0,50,0
58350,0,50,0
58450,0,50,0
58550,0,50,0
58650,0,50,0
58750,0,50,0
58850,0,50,0
58950,0,50,0
59050,0,50,0
59150,0,50,0
59250,0,50,0
59350,0,50,0
59450,0,50,0
59550,0,50,0
59650,0,50,0
59750,0,50,0
59850,0,50,0
59950,0,50,0
60050,0,50,0
60150,0,50,0
60250,0,50,0
60350,0,50,0
60450,0,50,0
60550,0,50,0
60650,0,50,0
60750,0,50,0
60850,0,50,0
60950,0,50,0
61050,0,50,0
61150,0,50,0
61250,0,50,0
61350,0,50,0
61450,0,50,0
61550,0,50,0
61650,0,50,0
61750,0,50,0
61850,0,50,0
61950,0,50,0
62050,0,50,0
62150,0,50,0
62250,0,50,0
62350,0,50,0
62450,0,50,0
62550,0,50,0
62650,0,50,0
62750,0,50,0
62850,0,50,0
62950,0,50,0
63050,0,50,0
63150,0,50,0
63250,0,50,0
63350,0,50,0
63450,0,50,0
63550,0,50,0
63650,0,50,0
63750,0,50,0
63850,0,50,0
63950,1,50,1
64050,0,50,0
64150,0,50,0
64250,0,50,0
64350,0,50,0
64450,0,50,0
64550,0,50,0
64650,0,50,0
64750,0,50,0
64850,0,50,0
64950,0,50,0
65050,0,50,0
65150,0,50,0
65250,0,50,0
65350,0,50,0
65450,0,50,0
65550,0,50,0
65650,0,50,0
65750,0,50,0
65850,0,50,0
65950,0,50,0
66050,0,50,0
66150,0,50,0
66250,0,50,0
66350,0,50,0
66450,1,50,1
66550,0,50,0
66650,0,50,0
66750,0,50,0
66850,0,50,0
66950,0,50,0
67050,0,50,0
67150,0,50,0
67250,0,50,0
67350,0,50,0
67450,0,50,0
67550,0,50,0
67650,0,50,0
67750,0,50,0
67850,0,50,0
67950,0,50,0
68050,0,50,0
68150,0,50,0
68250,0,50,0
68350,0,50,0
68450,0,50,0
68550,0,50,0
68650,0,50,0
68750,0,50,0
68850,1,50,1
68950,0,50,0
69050,0,50,0
69150,1,50,1
69250,0,50,0
69350,0,50,0
69450,0,50,0
69550,0,50,0
69650,0,50,0
69750,0,50,0
69850,1,50,1
69950,0,50,0
70050,0,50,0
70150,0,50,0
70250,0,50,0
70350,0,50,0
70450,0,50,0
70550,0,50,0
70650,0,50,0
70750,0,50,0
70850,0,50,0
70950,0,50,0
71050,0,50,0
71150,0,50,0
71250,0,50,0
71350,0,50,0
71450,0,50,0
71550,0,50,0
71650,0,50,0
71750,0,50,0
71850,0,50,0
71950,0,50,0
72050,0,50,0
72150,0,50,0
72250,0,50,0
72350,0,50,0
72450,0,50,0
72550,0,50,0
72650,0,50,0
72750,0,50,0
72850,0,50,0
72950,0,50,0
73050,0,50,0
73150,0,50,0
73250,0,50,0
73350,0,50,0
73450,0,50,0
73550,0,50,0
73650,0,50,0
73750,0,50,0
73850,0,50,0
73950,0,50,0
74050,0,50,0
74150,0,50,0
74250,0,50,0
74350,1,50,1
74450,0,50,0
74550,0,50,0
74650,0,50,0
74750,0,50,0
74850,0,50,0
74950,0,50,0
75050,1,50,1
75150,0,50,0
75250,0,50,0
75350,0,50,0
75450,1,50,1
75550,0,50,0
75650,0,50,0
75750,0,50,0
75850,0,50,0
75950,0,50,0
76050,0,50,0
76150,0,50,0
76250,0,50,0
76350,0,50,0
76450,0,50,0
76550,0,50,0
76650,0,50,0
76750,0,50,0
76850,0,50,0
76950,0,50,0
77050,0,50,0
77150,0,50,0
77250,0,50,0
77350,0,50,0
77450,0,50,0
77550,0,50,0
77650,0,50,0
77750,0,50,0
77850,0,50,0
77950,0,50,0
78050,0,50,0
78150,0,50,0
78250,0,50,0
78350,0,50,0
78450,0,50,0
78550,0,50,0
78650,0,50,0
78750,0,50,0
78850,0,50,0
78950,0,50,0
79050,0,50,0
79150,0,50,0
79250,0,50,0
79350,0,50,0
79450,0,50,0
79550,0,50,0
79650,0,50,0
79750,0,50,0
79850,0,50,0
79950,0,50,0
80050,0,50,0
80150,0,50,0
80250,0,50,0
80350,0,50,0
80450,0,50,0
80550,0,50,0
80650,0,50,0
80750,0,50,0
80850,0,50,0
80950,0,50,0
81050,0,50,0
81150,0,50,0
81250,0,50,0
81350,0,50,0
81450,0,50,0
81550,0,50,0
81650,0,50,0
81750,0,50,0
81850,0,50,0
81950,0,50,0
82050,0,50,0
82150,0,50,0
82250,0,50,0
82350,1,50,1
82450,0,50,0
82550,0,50,0
82650,0,50,0
82750,0,50,0
82850,0,50,0
82950,0,50,0
83050,0,50,0
83150,0,50,0
83250,0,50,0
83350,0,50,0
83450,0,50,0
83550,0,50,0
83650,0,50,0
83750,0,50,0
83850,0,50,0
83950,0,50,0
84050,0,50,0
84150,0,50,0
84250,0,50,0
84350,0,50,0
84450,0,50,0
84550,0,50,0
84650,0,50,0
84750,0,50,0
84850,0,50,0
84950,0,50,0
85050,0,50,0
85150,0,50,0
85250,0,50,0
85350,0,50,0
85450,0,50,0
85550,0,50,0
85650,0,50,0
85750,0,50,0
85850,0,50,0
85950,0,50,0
86050,0,50,0
86150,0,50,0
86250,0,50,0
86350,0,50,0
86450,0,50,0
86550,0,50,0
86650,0,50,0
86750,0,50,0
86850,0,50,0
86950,0,50,0
87050,0,50,0
87150,1,50,1
87250,0,50,0
87350,0,50,0
87450,0,50,0
87550,0,50,0
87650,0,50,0
87750,0,50,0
87850,0,50,0
87950,0,50,0
88050,0,50,0
88150,0,50,0
88250,1,50,1
88350,0,50,0
88450,0,50,0
88550,0,50,0
88650,0,50,0
88750,0,50,0
88850,0,50,0
88950,0,50,0
89050,0,50,0
89150,0,50,0
89250,0,50,0
89350,0,50,0
89450,0,50,0
89550,0,50,0
89650,0,50,0
89750,0,50,0
89850,0,50,0
89950,0,50,0
90050,0,50,0
90150,0,50,0
90250,0,50,0
90350,0,50,0
90450,0,50,0
90550,0,50,0
90650,0,50,0
90750,0,50,0
90850,0,50,0
90950,0,50,0
91050,0,50,0
91150,0,50,0
91250,0,50,0
91350,0,50,0
91450,0,50,0
91550,0,50,0
91650,0,50,0
91750,0,50,0
91850,0,50,0
91950,0,50,0
92050,0,50,0
92150,0,50,0
92250,0,50,0
92350,0,50,0
92450,0,50,0
92550,0,50,0
92650,0,50,0
92750,0,50,0
92850,0,50,0
92950,0,50,0
93050,0,50,0
93150,0,50,0
93250,0,50,0
93350,0,50,0
93450,0,50,0
93550,0,50,0
93650,0,50,0
93750,0,50,0
93850,0,50,0
93950,0,50,0
94050,0,50,0
94150,0,50,0
94250,0,50,0
94350,0,50,0
94450,0,50,0
94550,0,50,0
94650,0,50,0
94750,0,50,0
94850,0,50,0
94950,0,50,0
95050,0,50,0
95150,0,50,0
95250,0,50,0
95350,0,50,0
95450,0,50,0
95550,0,50,0
95650,0,50,0
95750,0,50,0
95850,0,50,0
95950,0,50,0
96050,0,50,0
96150,0,50,0
96250,0,50,0
96350,0,50,0
96450,0,50,0
96550,0,50,0
96650,0,50,0
96750,0,50,0
96850,0,50,0
96950,0,50,0
97050,0,50,0
97150,0,50,0
97250,0,50,0
97350,0,50,0
97450,0,50,0
97550,0,50,0
97650,0,50,0
97750,0,50,0
97850,0,50,0
97950,0,50,0
98050,0,50,0
98150,0,50,0
98250,0,50,0
98350,0,50,0
98450,0,50,0
98550,0,50,0
98650,0,50,0
98750,0,50,0
98850,0,50,0
98950,0,50,0
99050,0,50,0
99150,0,50,0
99250,0,50,0
99350,0,50,0
99450,0,50,0
99550,0,50,0
99650,0,50,0
99750,0,50,0
99850,0,50,0
99950,0,50,0
