# Output TH1D: 11 (+/-mu energy )
# BinCenter,Content,BinHalfWidth,Error
50,271,50,16.4621
150,735,50,27.1109
250,954,50,30.8869
350,1010,50,31.7805
450,1028,50,32.0624
550,969,50,31.1288
650,876,50,29.5973
750,859,50,29.3087
850,820,50,28.6356
950,727,50,26.9629
1050,674,50,25.9615
1150,677,50,26.0192
1250,640,50,25.2982
1350,593,50,24.3516
1450,586,50,24.2074
1550,508,50,22.5389
1650,490,50,22.1359
1750,480,50,21.9089
1850,427,50,20.664
1950,433,50,20.8087
2050,365,50,19.105
2150,365,50,19.105
2250,361,50,19
2350,339,50,18.412
2450,334,50,18.2757
2550,330,50,18.1659
2650,315,50,17.7482
2750,256,50,16
2850,270,50,16.4317
2950,230,50,15.1658
3050,251,50,15.843
3150,243,50,15.5885
3250,199,50,14.1067
3350,209,50,14.4568
3450,241,50,15.5242
3550,188,50,13.7113
3650,155,50,12.4499
3750,170,50,13.0384
3850,180,50,13.4164
3950,186,50,13.6382
4050,153,50,12.3693
4150,156,50,12.49
4250,128,50,11.3137
4350,160,50,12.6491
4450,142,50,11.9164
4550,124,50,11.1355
4650,110,50,10.4881
4750,135,50,11.619
4850,110,50,10.4881
4950,103,50,10.1489
5050,112,50,10.583
5150,107,50,10.3441
5250,92,50,9.59166
5350,71,50,8.42615
5450,89,50,9.43398
5550,92,50,9.59166
5650,94,50,9.69536
5750,89,50,9.43398
5850,89,50,9.43398
5950,75,50,8.66025
6050,97,50,9.84886
6150,72,50,8.48528
6250,71,50,8.42615
6350,66,50,8.12404
6450,64,50,8
6550,63,50,7.93725
6650,54,50,7.34847
6750,63,50,7.93725
6850,57,50,7.54983
6950,48,50,6.9282
7050,60,50,7.74597
7150,61,50,7.81025
7250,55,50,7.4162
7350,42,50,6.48074
7450,48,50,6.9282
7550,48,50,6.9282
7650,67,50,8.18535
7750,59,50,7.68115
7850,47,50,6.85565
7950,41,50,6.40312
8050,42,50,6.48074
8150,33,50,5.74456
8250,48,50,6.9282
8350,38,50,6.16441
8450,38,50,6.16441
8550,27,50,5.19615
8650,38,50,6.16441
8750,35,50,5.91608
8850,36,50,6
8950,46,50,6.78233
9050,36,50,6
9150,51,50,7.14143
9250,38,50,6.16441
9350,30,50,5.47723
9450,25,50,5
9550,27,50,5.19615
9650,33,50,5.74456
9750,26,50,5.09902
9850,32,50,5.65685
9950,28,50,5.2915
10050,23,50,4.79583
10150,27,50,5.19615
10250,24,50,4.89898
10350,24,50,4.89898
10450,18,50,4.24264
10550,23,50,4.79583
10650,26,50,5.09902
10750,24,50,4.89898
10850,20,50,4.47214
10950,17,50,4.12311
11050,21,50,4.58258
11150,23,50,4.79583
11250,21,50,4.58258
11350,26,50,5.09902
11450,21,50,4.58258
11550,22,50,4.69042
11650,17,50,4.12311
11750,20,50,4.47214
11850,21,50,4.58258
11950,19,50,4.3589
12050,22,50,4.69042
12150,24,50,4.89898
12250,22,50,4.69042
12350,22,50,4.69042
12450,20,50,4.47214
12550,22,50,4.69042
12650,15,50,3.87298
12750,13,50,3.60555
12850,17,50,4.12311
12950,13,50,3.60555
13050,15,50,3.87298
13150,11,50,3.31662
13250,14,50,3.74166
13350,5,50,2.23607
13450,13,50,3.60555
13550,19,50,4.3589
13650,8,50,2.82843
13750,15,50,3.87298
13850,20,50,4.47214
13950,19,50,4.3589
14050,14,50,3.74166
14150,12,50,3.4641
14250,10,50,3.16228
14350,7,50,2.64575
14450,16,50,4
14550,12,50,3.4641
14650,13,50,3.60555
14750,13,50,3.60555
14850,13,50,3.60555
14950,13,50,3.60555
15050,12,50,3.4641
15150,19,50,4.3589
15250,12,50,3.4641
15350,10,50,3.16228
15450,10,50,3.16228
15550,7,50,2.64575
15650,13,50,3.60555
15750,8,50,2.82843
15850,9,50,3
15950,10,50,3.16228
16050,10,50,3.16228
16150,11,50,3.31662
16250,14,50,3.74166
16350,5,50,2.23607
16450,7,50,2.64575
16550,13,50,3.60555
16650,5,50,2.23607
16750,5,50,2.23607
16850,8,50,2.82843
16950,6,50,2.44949
17050,2,50,1.41421
17150,10,50,3.16228
17250,10,50,3.16228
17350,10,50,3.16228
17450,3,50,1.73205
17550,9,50,3
17650,12,50,3.4641
17750,8,50,2.82843
17850,7,50,2.64575
17950,9,50,3
18050,10,50,3.16228
18150,9,50,3
18250,9,50,3
18350,5,50,2.23607
18450,10,50,3.16228
18550,10,50,3.16228
18650,8,50,2.82843
18750,5,50,2.23607
18850,8,50,2.82843
18950,11,50,3.31662
19050,9,50,3
19150,8,50,2.82843
19250,7,50,2.64575
19350,5,50,2.23607
19450,7,50,2.64575
19550,9,50,3
19650,5,50,2.23607
19750,5,50,2.23607
19850,4,50,2
19950,6,50,2.44949
20050,2,50,1.41421
20150,6,50,2.44949
20250,4,50,2
20350,3,50,1.73205
20450,5,50,2.23607
20550,7,50,2.64575
20650,4,50,2
20750,6,50,2.44949
20850,6,50,2.44949
20950,4,50,2
21050,3,50,1.73205
21150,5,50,2.23607
21250,5,50,2.23607
21350,1,50,1
21450,2,50,1.41421
21550,2,50,1.41421
21650,3,50,1.73205
21750,4,50,2
21850,4,50,2
21950,5,50,2.23607
22050,4,50,2
22150,7,50,2.64575
22250,2,50,1.41421
22350,7,50,2.64575
22450,0,50,0
22550,4,50,2
22650,5,50,2.23607
22750,4,50,2
22850,2,50,1.41421
22950,3,50,1.73205
23050,1,50,1
23150,3,50,1.73205
23250,4,50,2
23350,2,50,1.41421
23450,5,50,2.23607
23550,5,50,2.23607
23650,3,50,1.73205
23750,3,50,1.73205
23850,4,50,2
23950,5,50,2.23607
24050,3,50,1.73205
24150,2,50,1.41421
24250,2,50,1.41421
24350,4,50,2
24450,6,50,2.44949
24550,2,50,1.41421
24650,0,50,0
24750,1,50,1
24850,3,50,1.73205
24950,6,50,2.44949
25050,2,50,1.41421
25150,1,50,1
25250,2,50,1.41421
25350,4,50,2
25450,5,50,2.23607
25550,5,50,2.23607
25650,1,50,1
25750,4,50,2
25850,1,50,1
25950,4,50,2
26050,2,50,1.41421
26150,4,50,2
26250,2,50,1.41421
26350,2,50,1.41421
26450,2,50,1.41421
26550,4,50,2
26650,1,50,1
26750,1,50,1
26850,3,50,1.73205
26950,6,50,2.44949
27050,2,50,1.41421
27150,2,50,1.41421
27250,2,50,1.41421
27350,2,50,1.41421
27450,0,50,0
27550,4,50,2
27650,3,50,1.73205
27750,1,50,1
27850,2,50,1.41421
27950,1,50,1
28050,3,50,1.73205
28150,3,50,1.73205
28250,0,50,0
28350,1,50,1
28450,2,50,1.41421
28550,2,50,1.41421
28650,2,50,1.41421
28750,3,50,1.73205
28850,2,50,1.41421
28950,3,50,1.73205
29050,3,50,1.73205
29150,0,50,0
29250,3,50,1.73205
29350,1,50,1
29450,1,50,1
29550,1,50,1
29650,4,50,2
29750,2,50,1.41421
29850,1,50,1
29950,1,50,1
30050,1,50,1
30150,1,50,1
30250,4,50,2
30350,2,50,1.41421
30450,0,50,0
30550,0,50,0
30650,0,50,0
30750,1,50,1
30850,1,50,1
30950,0,50,0
31050,0,50,0
31150,2,50,1.41421
31250,0,50,0
31350,0,50,0
31450,1,50,1
31550,0,50,0
31650,2,50,1.41421
31750,0,50,0
31850,0,50,0
31950,0,50,0
32050,0,50,0
32150,0,50,0
32250,0,50,0
32350,0,50,0
32450,1,50,1
32550,0,50,0
32650,1,50,1
32750,0,50,0
32850,2,50,1.41421
32950,0,50,0
33050,1,50,1
33150,0,50,0
33250,2,50,1.41421
33350,0,50,0
33450,3,50,1.73205
33550,1,50,1
33650,0,50,0
33750,2,50,1.41421
33850,0,50,0
33950,1,50,1
34050,3,50,1.73205
34150,1,50,1
34250,0,50,0
34350,1,50,1
34450,0,50,0
34550,1,50,1
34650,4,50,2
34750,1,50,1
34850,2,50,1.41421
34950,0,50,0
35050,0,50,0
35150,0,50,0
35250,2,50,1.41421
35350,0,50,0
35450,0,50,0
35550,2,50,1.41421
35650,3,50,1.73205
35750,0,50,0
35850,1,50,1
35950,1,50,1
36050,2,50,1.41421
36150,1,50,1
36250,0,50,0
36350,0,50,0
36450,0,50,0
36550,1,50,1
36650,0,50,0
36750,0,50,0
36850,0,50,0
36950,1,50,1
37050,3,50,1.73205
37150,3,50,1.73205
37250,0,50,0
37350,0,50,0
37450,1,50,1
37550,1,50,1
37650,0,50,0
37750,0,50,0
37850,0,50,0
37950,0,50,0
38050,0,50,0
38150,0,50,0
38250,1,50,1
38350,2,50,1.41421
38450,1,50,1
38550,0,50,0
38650,0,50,0
38750,1,50,1
38850,1,50,1
38950,0,50,0
39050,0,50,0
39150,1,50,1
39250,0,50,0
39350,0,50,0
39450,1,50,1
39550,0,50,0
39650,0,50,0
39750,0,50,0
39850,1,50,1
39950,0,50,0
40050,1,50,1
40150,0,50,0
40250,0,50,0
40350,0,50,0
40450,1,50,1
40550,1,50,1
40650,0,50,0
40750,1,50,1
40850,1,50,1
40950,0,50,0
41050,0,50,0
41150,1,50,1
41250,1,50,1
41350,0,50,0
41450,0,50,0
41550,1,50,1
41650,0,50,0
41750,0,50,0
41850,0,50,0
41950,0,50,0
42050,1,50,1
42150,1,50,1
42250,0,50,0
42350,0,50,0
42450,1,50,1
42550,0,50,0
42650,1,50,1
42750,0,50,0
42850,0,50,0
42950,0,50,0
43050,1,50,1
43150,0,50,0
43250,0,50,0
43350,1,50,1
43450,0,50,0
43550,0,50,0
43650,1,50,1
43750,0,50,0
43850,2,50,1.41421
43950,2,50,1.41421
44050,0,50,0
44150,2,50,1.41421
44250,0,50,0
44350,1,50,1
44450,0,50,0
44550,0,50,0
44650,2,50,1.41421
44750,0,50,0
44850,2,50,1.41421
44950,1,50,1
45050,0,50,0
45150,1,50,1
45250,0,50,0
45350,1,50,1
45450,3,50,1.73205
45550,0,50,0
45650,1,50,1
45750,0,50,0
45850,1,50,1
45950,1,50,1
46050,0,50,0
46150,0,50,0
46250,0,50,0
46350,0,50,0
46450,0,50,0
46550,0,50,0
46650,0,50,0
46750,1,50,1
46850,0,50,0
46950,0,50,0
47050,0,50,0
47150,0,50,0
47250,0,50,0
47350,1,50,1
47450,0,50,0
47550,0,50,0
47650,0,50,0
47750,0,50,0
47850,1,50,1
47950,0,50,0
48050,0,50,0
48150,0,50,0
48250,1,50,1
48350,0,50,0
48450,2,50,1.41421
48550,0,50,0
48650,0,50,0
48750,0,50,0
48850,0,50,0
48950,0,50,0
49050,0,50,0
49150,0,50,0
49250,1,50,1
49350,0,50,0
49450,0,50,0
49550,0,50,0
49650,0,50,0
49750,0,50,0
49850,0,50,0
49950,0,50,0
50050,0,50,0
50150,1,50,1
50250,0,50,0
50350,0,50,0
50450,0,50,0
50550,0,50,0
50650,0,50,0
50750,0,50,0
50850,0,50,0
50950,1,50,1
51050,1,50,1
51150,0,50,0
51250,1,50,1
51350,1,50,1
51450,0,50,0
51550,0,50,0
51650,0,50,0
51750,0,50,0
51850,0,50,0
51950,0,50,0
52050,0,50,0
52150,0,50,0
52250,0,50,0
52350,0,50,0
52450,0,50,0
52550,0,50,0
52650,0,50,0
52750,0,50,0
52850,0,50,0
52950,1,50,1
53050,0,50,0
53150,0,50,0
53250,0,50,0
53350,0,50,0
53450,0,50,0
53550,0,50,0
53650,0,50,0
53750,1,50,1
53850,0,50,0
53950,0,50,0
54050,0,50,0
54150,0,50,0
54250,0,50,0
54350,0,50,0
54450,0,50,0
54550,0,50,0
54650,0,50,0
54750,0,50,0
54850,0,50,0
54950,0,50,0
55050,0,50,0
55150,0,50,0
55250,0,50,0
55350,0,50,0
55450,1,50,1
55550,0,50,0
55650,1,50,1
55750,1,50,1
55850,0,50,0
55950,0,50,0
56050,0,50,0
56150,0,50,0
56250,0,50,0
56350,0,50,0
56450,0,50,0
56550,1,50,1
56650,0,50,0
56750,0,50,0
56850,2,50,1.41421
56950,0,50,0
57050,0,50,0
57150,0,50,0
57250,1,50,1
57350,0,50,0
57450,0,50,0
57550,0,50,0
57650,1,50,1
57750,0,50,0
57850,0,50,0
57950,0,50,0
58050,1,50,1
58150,0,50,0
58250,0,50,0
58350,0,50,0
58450,0,50,0
58550,0,50,0
58650,1,50,1
58750,0,50,0
58850,0,50,0
58950,0,50,0
59050,1,50,1
59150,0,50,0
59250,0,50,0
59350,0,50,0
59450,0,50,0
59550,0,50,0
59650,0,50,0
59750,0,50,0
59850,0,50,0
59950,1,50,1
60050,0,50,0
60150,0,50,0
60250,0,50,0
60350,0,50,0
60450,0,50,0
60550,0,50,0
60650,1,50,1
60750,0,50,0
60850,0,50,0
60950,0,50,0
61050,0,50,0
61150,0,50,0
61250,0,50,0
61350,0,50,0
61450,0,50,0
61550,0,50,0
61650,0,50,0
61750,1,50,1
61850,0,50,0
61950,0,50,0
62050,0,50,0
62150,0,50,0
62250,0,50,0
62350,0,50,0
62450,0,50,0
62550,0,50,0
62650,0,50,0
62750,0,50,0
62850,0,50,0
62950,0,50,0
63050,0,50,0
63150,0,50,0
63250,0,50,0
63350,0,50,0
63450,0,50,0
63550,0,50,0
63650,0,50,0
63750,0,50,0
63850,0,50,0
63950,0,50,0
64050,0,50,0
64150,0,50,0
64250,0,50,0
64350,0,50,0
64450,0,50,0
64550,0,50,0
64650,0,50,0
64750,1,50,1
64850,0,50,0
64950,0,50,0
65050,0,50,0
65150,0,50,0
65250,0,50,0
65350,0,50,0
65450,0,50,0
65550,1,50,1
65650,0,50,0
65750,0,50,0
65850,1,50,1
65950,0,50,0
66050,0,50,0
66150,0,50,0
66250,0,50,0
66350,0,50,0
66450,0,50,0
66550,0,50,0
66650,0,50,0
66750,0,50,0
66850,0,50,0
66950,0,50,0
67050,0,50,0
67150,0,50,0
67250,0,50,0
67350,0,50,0
67450,0,50,0
67550,0,50,0
67650,0,50,0
67750,0,50,0
67850,0,50,0
67950,0,50,0
68050,0,50,0
68150,0,50,0
68250,0,50,0
68350,0,50,0
68450,0,50,0
68550,0,50,0
68650,0,50,0
68750,0,50,0
68850,0,50,0
68950,0,50,0
69050,0,50,0
69150,0,50,0
69250,0,50,0
69350,0,50,0
69450,0,50,0
69550,0,50,0
69650,0,50,0
69750,1,50,1
69850,0,50,0
69950,0,50,0
70050,0,50,0
70150,0,50,0
70250,0,50,0
70350,0,50,0
70450,0,50,0
70550,0,50,0
70650,0,50,0
70750,0,50,0
70850,0,50,0
70950,0,50,0
71050,0,50,0
71150,0,50,0
71250,0,50,0
71350,0,50,0
71450,0,50,0
71550,0,50,0
71650,0,50,0
71750,0,50,0
71850,0,50,0
71950,0,50,0
72050,0,50,0
72150,0,50,0
72250,0,50,0
72350,0,50,0
72450,0,50,0
72550,0,50,0
72650,0,50,0
72750,0,50,0
72850,0,50,0
72950,0,50,0
73050,0,50,0
73150,0,50,0
73250,0,50,0
73350,0,50,0
73450,0,50,0
73550,0,50,0
73650,0,50,0
73750,0,50,0
73850,0,50,0
73950,0,50,0
74050,0,50,0
74150,0,50,0
74250,0,50,0
74350,0,50,0
74450,0,50,0
74550,0,50,0
74650,0,50,0
74750,0,50,0
74850,0,50,0
74950,0,50,0
75050,0,50,0
75150,0,50,0
75250,0,50,0
75350,0,50,0
75450,0,50,0
75550,0,50,0
75650,0,50,0
75750,0,50,0
75850,0,50,0
75950,0,50,0
76050,0,50,0
76150,0,50,0
76250,0,50,0
76350,0,50,0
76450,0,50,0
76550,0,50,0
76650,0,50,0
76750,0,50,0
76850,0,50,0
76950,0,50,0
77050,0,50,0
77150,0,50,0
77250,0,50,0
77350,0,50,0
77450,0,50,0
77550,0,50,0
77650,0,50,0
77750,0,50,0
77850,0,50,0
77950,0,50,0
78050,0,50,0
78150,0,50,0
78250,0,50,0
78350,1,50,1
78450,1,50,1
78550,0,50,0
78650,0,50,0
78750,0,50,0
78850,0,50,0
78950,0,50,0
79050,0,50,0
79150,0,50,0
79250,0,50,0
79350,0,50,0
79450,0,50,0
79550,0,50,0
79650,0,50,0
79750,0,50,0
79850,0,50,0
79950,0,50,0
80050,0,50,0
80150,0,50,0
80250,0,50,0
80350,0,50,0
80450,0,50,0
80550,0,50,0
80650,0,50,0
80750,0,50,0
80850,0,50,0
80950,0,50,0
81050,0,50,0
81150,0,50,0
81250,0,50,0
81350,0,50,0
81450,0,50,0
81550,0,50,0
81650,0,50,0
81750,0,50,0
81850,0,50,0
81950,0,50,0
82050,0,50,0
82150,0,50,0
82250,0,50,0
82350,1,50,1
82450,0,50,0
82550,0,50,0
82650,0,50,0
82750,0,50,0
82850,0,50,0
82950,0,50,0
83050,0,50,0
83150,0,50,0
83250,0,50,0
83350,0,50,0
83450,0,50,0
83550,0,50,0
83650,0,50,0
83750,0,50,0
83850,0,50,0
83950,0,50,0
84050,0,50,0
84150,0,50,0
84250,0,50,0
84350,0,50,0
84450,0,50,0
84550,0,50,0
84650,0,50,0
84750,0,50,0
84850,1,50,1
84950,0,50,0
85050,0,50,0
85150,0,50,0
85250,0,50,0
85350,0,50,0
85450,0,50,0
85550,0,50,0
85650,0,50,0
85750,0,50,0
85850,0,50,0
85950,0,50,0
86050,0,50,0
86150,0,50,0
86250,0,50,0
86350,0,50,0
86450,0,50,0
86550,0,50,0
86650,0,50,0
86750,0,50,0
86850,0,50,0
86950,0,50,0
87050,0,50,0
87150,0,50,0
87250,0,50,0
87350,0,50,0
87450,0,50,0
87550,0,50,0
87650,0,50,0
87750,0,50,0
87850,0,50,0
87950,0,50,0
88050,0,50,0
88150,0,50,0
88250,0,50,0
88350,0,50,0
88450,0,50,0
88550,0,50,0
88650,0,50,0
88750,0,50,0
88850,0,50,0
88950,0,50,0
89050,0,50,0
89150,0,50,0
89250,0,50,0
89350,0,50,0
89450,0,50,0
89550,0,50,0
89650,0,50,0
89750,0,50,0
89850,0,50,0
89950,0,50,0
90050,0,50,0
90150,0,50,0
90250,0,50,0
90350,0,50,0
90450,0,50,0
90550,0,50,0
90650,0,50,0
90750,0,50,0
90850,0,50,0
90950,0,50,0
91050,0,50,0
91150,0,50,0
91250,0,50,0
91350,0,50,0
91450,0,50,0
91550,0,50,0
91650,0,50,0
91750,0,50,0
91850,0,50,0
91950,0,50,0
92050,0,50,0
92150,1,50,1
92250,0,50,0
92350,0,50,0
92450,0,50,0
92550,0,50,0
92650,0,50,0
92750,0,50,0
92850,0,50,0
92950,0,50,0
93050,0,50,0
93150,0,50,0
93250,0,50,0
93350,0,50,0
93450,0,50,0
93550,1,50,1
93650,0,50,0
93750,0,50,0
93850,0,50,0
93950,0,50,0
94050,0,50,0
94150,0,50,0
94250,0,50,0
94350,0,50,0
94450,0,50,0
94550,0,50,0
94650,0,50,0
94750,0,50,0
94850,0,50,0
94950,0,50,0
95050,0,50,0
95150,0,50,0
95250,0,50,0
95350,0,50,0
95450,0,50,0
95550,0,50,0
95650,0,50,0
95750,0,50,0
95850,0,50,0
95950,0,50,0
96050,0,50,0
96150,0,50,0
96250,0,50,0
96350,0,50,0
96450,0,50,0
96550,0,50,0
96650,0,50,0
96750,0,50,0
96850,0,50,0
96950,0,50,0
97050,0,50,0
97150,0,50,0
97250,0,50,0
97350,0,50,0
97450,0,50,0
97550,0,50,0
97650,0,50,0
97750,0,50,0
97850,0,50,0
97950,0,50,0
98050,0,50,0
98150,0,50,0
98250,0,50,0
98350,0,50,0
98450,0,50,0
98550,0,50,0
98650,0,50,0
98750,0,50,0
98850,0,50,0
98950,0,50,0
99050,0,50,0
99150,0,50,0
99250,0,50,0
99350,0,50,0
99450,0,50,0
99550,0,50,0
99650,0,50,0
99750,0,50,0
99850,0,50,0
99950,0,50,0
