# Output TH1D: 16 (+/-mu vertical energy )
50,0,50,0
150,0,50,0
250,0,50,0
350,0,50,0
450,0,50,0
550,0,50,0
650,0,50,0
750,0,50,0
850,0,50,0
950,0,50,0
1050,0,50,0
1150,0,50,0
1250,0,50,0
1350,0,50,0
1450,0,50,0
1550,0,50,0
1650,0,50,0
1750,0,50,0
1850,0,50,0
1950,0,50,0
2050,0,50,0
2150,0,50,0
2250,0,50,0
2350,0,50,0
2450,0,50,0
2550,0,50,0
2650,0,50,0
2750,0,50,0
2850,0,50,0
2950,0,50,0
3050,0,50,0
3150,0,50,0
3250,0,50,0
3350,0,50,0
3450,0,50,0
3550,0,50,0
3650,0,50,0
3750,0,50,0
3850,0,50,0
3950,0,50,0
4050,0,50,0
4150,0,50,0
4250,0,50,0
4350,0,50,0
4450,0,50,0
4550,0,50,0
4650,0,50,0
4750,0,50,0
4850,0,50,0
4950,0,50,0
5050,0,50,0
5150,0,50,0
5250,0,50,0
5350,0,50,0
5450,0,50,0
5550,0,50,0
5650,0,50,0
5750,0,50,0
5850,0,50,0
5950,0,50,0
6050,0,50,0
6150,0,50,0
6250,0,50,0
6350,0,50,0
6450,0,50,0
6550,0,50,0
6650,0,50,0
6750,0,50,0
6850,0,50,0
6950,0,50,0
7050,0,50,0
7150,0,50,0
7250,0,50,0
7350,0,50,0
7450,0,50,0
7550,0,50,0
7650,0,50,0
7750,0,50,0
7850,0,50,0
7950,0,50,0
8050,0,50,0
8150,0,50,0
8250,0,50,0
8350,0,50,0
8450,0,50,0
8550,0,50,0
8650,0,50,0
8750,0,50,0
8850,0,50,0
8950,0,50,0
9050,0,50,0
9150,0,50,0
9250,0,50,0
9350,0,50,0
9450,0,50,0
9550,0,50,0
9650,0,50,0
9750,0,50,0
9850,0,50,0
9950,0,50,0
10050,0,50,0
10150,0,50,0
10250,0,50,0
10350,0,50,0
10450,0,50,0
10550,0,50,0
10650,0,50,0
10750,0,50,0
10850,0,50,0
10950,0,50,0
11050,0,50,0
11150,0,50,0
11250,0,50,0
11350,0,50,0
11450,0,50,0
11550,0,50,0
11650,0,50,0
11750,0,50,0
11850,0,50,0
11950,0,50,0
12050,0,50,0
12150,0,50,0
12250,0,50,0
12350,0,50,0
12450,0,50,0
12550,0,50,0
12650,0,50,0
12750,0,50,0
12850,0,50,0
12950,0,50,0
13050,0,50,0
13150,0,50,0
13250,0,50,0
13350,0,50,0
13450,0,50,0
13550,0,50,0
13650,0,50,0
13750,0,50,0
13850,0,50,0
13950,0,50,0
14050,0,50,0
14150,0,50,0
14250,0,50,0
14350,0,50,0
14450,0,50,0
14550,0,50,0
14650,0,50,0
14750,0,50,0
14850,0,50,0
14950,0,50,0
15050,0,50,0
15150,0,50,0
15250,0,50,0
15350,0,50,0
15450,0,50,0
15550,0,50,0
15650,0,50,0
15750,0,50,0
15850,0,50,0
15950,0,50,0
16050,0,50,0
16150,0,50,0
16250,0,50,0
16350,0,50,0
16450,0,50,0
16550,0,50,0
16650,0,50,0
16750,0,50,0
16850,0,50,0
16950,0,50,0
17050,0,50,0
17150,0,50,0
17250,0,50,0
17350,0,50,0
17450,0,50,0
17550,0,50,0
17650,0,50,0
17750,0,50,0
17850,0,50,0
17950,0,50,0
18050,0,50,0
18150,0,50,0
18250,0,50,0
18350,0,50,0
18450,0,50,0
18550,0,50,0
18650,0,50,0
18750,0,50,0
18850,0,50,0
18950,0,50,0
19050,0,50,0
19150,0,50,0
19250,0,50,0
19350,0,50,0
19450,0,50,0
19550,0,50,0
19650,0,50,0
19750,0,50,0
19850,0,50,0
19950,0,50,0
20050,0,50,0
20150,0,50,0
20250,0,50,0
20350,0,50,0
20450,0,50,0
20550,0,50,0
20650,0,50,0
20750,0,50,0
20850,0,50,0
20950,0,50,0
21050,0,50,0
21150,0,50,0
21250,0,50,0
21350,0,50,0
21450,0,50,0
21550,0,50,0
21650,0,50,0
21750,0,50,0
21850,0,50,0
21950,0,50,0
22050,0,50,0
22150,0,50,0
22250,0,50,0
22350,0,50,0
22450,0,50,0
22550,0,50,0
22650,0,50,0
22750,0,50,0
22850,0,50,0
22950,0,50,0
23050,0,50,0
23150,0,50,0
23250,0,50,0
23350,0,50,0
23450,0,50,0
23550,0,50,0
23650,0,50,0
23750,0,50,0
23850,0,50,0
23950,0,50,0
24050,0,50,0
24150,0,50,0
24250,0,50,0
24350,0,50,0
24450,0,50,0
24550,0,50,0
24650,0,50,0
24750,0,50,0
24850,0,50,0
24950,0,50,0
25050,0,50,0
25150,0,50,0
25250,0,50,0
25350,0,50,0
25450,0,50,0
25550,0,50,0
25650,0,50,0
25750,0,50,0
25850,0,50,0
25950,0,50,0
26050,0,50,0
26150,0,50,0
26250,0,50,0
26350,0,50,0
26450,0,50,0
26550,0,50,0
26650,0,50,0
26750,0,50,0
26850,0,50,0
26950,0,50,0
27050,0,50,0
27150,0,50,0
27250,0,50,0
27350,0,50,0
27450,0,50,0
27550,0,50,0
27650,0,50,0
27750,0,50,0
27850,0,50,0
27950,0,50,0
28050,0,50,0
28150,0,50,0
28250,0,50,0
28350,0,50,0
28450,0,50,0
28550,0,50,0
28650,0,50,0
28750,0,50,0
28850,0,50,0
28950,0,50,0
29050,0,50,0
29150,0,50,0
29250,0,50,0
29350,0,50,0
29450,0,50,0
29550,0,50,0
29650,0,50,0
29750,0,50,0
29850,0,50,0
29950,0,50,0
30050,0,50,0
30150,0,50,0
30250,0,50,0
30350,0,50,0
30450,0,50,0
30550,0,50,0
30650,0,50,0
30750,0,50,0
30850,0,50,0
30950,0,50,0
31050,0,50,0
31150,0,50,0
31250,0,50,0
31350,0,50,0
31450,0,50,0
31550,0,50,0
31650,0,50,0
31750,0,50,0
31850,0,50,0
31950,0,50,0
32050,0,50,0
32150,0,50,0
32250,0,50,0
32350,0,50,0
32450,0,50,0
32550,0,50,0
32650,0,50,0
32750,0,50,0
32850,0,50,0
32950,0,50,0
33050,0,50,0
33150,0,50,0
33250,0,50,0
33350,0,50,0
33450,0,50,0
33550,0,50,0
33650,0,50,0
33750,0,50,0
33850,0,50,0
33950,0,50,0
34050,0,50,0
34150,0,50,0
34250,0,50,0
34350,0,50,0
34450,0,50,0
34550,0,50,0
34650,0,50,0
34750,0,50,0
34850,0,50,0
34950,0,50,0
35050,0,50,0
35150,0,50,0
35250,0,50,0
35350,0,50,0
35450,0,50,0
35550,0,50,0
35650,0,50,0
35750,0,50,0
35850,0,50,0
35950,0,50,0
36050,0,50,0
36150,0,50,0
36250,0,50,0
36350,0,50,0
36450,0,50,0
36550,0,50,0
36650,0,50,0
36750,0,50,0
36850,0,50,0
36950,0,50,0
37050,0,50,0
37150,0,50,0
37250,0,50,0
37350,0,50,0
37450,0,50,0
37550,0,50,0
37650,0,50,0
37750,0,50,0
37850,0,50,0
37950,0,50,0
38050,0,50,0
38150,0,50,0
38250,0,50,0
38350,0,50,0
38450,0,50,0
38550,0,50,0
38650,0,50,0
38750,0,50,0
38850,0,50,0
38950,0,50,0
39050,0,50,0
39150,0,50,0
39250,0,50,0
39350,0,50,0
39450,0,50,0
39550,0,50,0
39650,0,50,0
39750,0,50,0
39850,0,50,0
39950,0,50,0
40050,0,50,0
40150,0,50,0
40250,0,50,0
40350,0,50,0
40450,0,50,0
40550,0,50,0
40650,0,50,0
40750,0,50,0
40850,0,50,0
40950,0,50,0
41050,0,50,0
41150,0,50,0
41250,0,50,0
41350,0,50,0
41450,0,50,0
41550,0,50,0
41650,0,50,0
41750,0,50,0
41850,0,50,0
41950,0,50,0
42050,0,50,0
42150,0,50,0
42250,0,50,0
42350,0,50,0
42450,0,50,0
42550,0,50,0
42650,0,50,0
42750,0,50,0
42850,0,50,0
42950,0,50,0
43050,0,50,0
43150,0,50,0
43250,0,50,0
43350,0,50,0
43450,0,50,0
43550,0,50,0
43650,0,50,0
43750,0,50,0
43850,0,50,0
43950,0,50,0
44050,0,50,0
44150,0,50,0
44250,0,50,0
44350,0,50,0
44450,0,50,0
44550,0,50,0
44650,0,50,0
44750,0,50,0
44850,0,50,0
44950,0,50,0
45050,0,50,0
45150,0,50,0
45250,0,50,0
45350,0,50,0
45450,0,50,0
45550,0,50,0
45650,0,50,0
45750,0,50,0
45850,0,50,0
45950,0,50,0
46050,0,50,0
46150,0,50,0
46250,0,50,0
46350,0,50,0
46450,0,50,0
46550,0,50,0
46650,0,50,0
46750,0,50,0
46850,0,50,0
46950,0,50,0
47050,0,50,0
47150,0,50,0
47250,0,50,0
47350,0,50,0
47450,0,50,0
47550,0,50,0
47650,0,50,0
47750,0,50,0
47850,0,50,0
47950,0,50,0
48050,0,50,0
48150,0,50,0
48250,0,50,0
48350,0,50,0
48450,0,50,0
48550,0,50,0
48650,0,50,0
48750,0,50,0
48850,0,50,0
48950,0,50,0
49050,0,50,0
49150,0,50,0
49250,0,50,0
49350,0,50,0
49450,0,50,0
49550,0,50,0
49650,0,50,0
49750,0,50,0
49850,0,50,0
49950,0,50,0
50050,0,50,0
50150,0,50,0
50250,0,50,0
50350,0,50,0
50450,0,50,0
50550,0,50,0
50650,0,50,0
50750,0,50,0
50850,0,50,0
50950,0,50,0
51050,0,50,0
51150,0,50,0
51250,0,50,0
51350,0,50,0
51450,0,50,0
51550,0,50,0
51650,0,50,0
51750,0,50,0
51850,0,50,0
51950,0,50,0
52050,0,50,0
52150,0,50,0
52250,0,50,0
52350,0,50,0
52450,0,50,0
52550,0,50,0
52650,0,50,0
52750,0,50,0
52850,0,50,0
52950,0,50,0
53050,0,50,0
53150,0,50,0
53250,0,50,0
53350,0,50,0
53450,0,50,0
53550,0,50,0
53650,0,50,0
53750,0,50,0
53850,0,50,0
53950,0,50,0
54050,0,50,0
54150,0,50,0
54250,0,50,0
54350,0,50,0
54450,0,50,0
54550,0,50,0
54650,0,50,0
54750,0,50,0
54850,0,50,0
54950,0,50,0
55050,0,50,0
55150,0,50,0
55250,0,50,0
55350,0,50,0
55450,0,50,0
55550,0,50,0
55650,0,50,0
55750,0,50,0
55850,0,50,0
55950,0,50,0
56050,0,50,0
56150,0,50,0
56250,0,50,0
56350,0,50,0
56450,0,50,0
56550,0,50,0
56650,0,50,0
56750,0,50,0
56850,0,50,0
56950,0,50,0
57050,0,50,0
57150,0,50,0
57250,0,50,0
57350,0,50,0
57450,0,50,0
57550,0,50,0
57650,0,50,0
57750,0,50,0
57850,0,50,0
57950,0,50,0
58050,0,50,0
58150,0,50,0
58250,0,50,0
58350,0,50,0
58450,0,50,0
58550,0,50,0
58650,0,50,0
58750,0,50,0
58850,0,50,0
58950,0,50,0
59050,0,50,0
59150,0,50,0
59250,0,50,0
59350,0,50,0
59450,0,50,0
59550,0,50,0
59650,0,50,0
59750,0,50,0
59850,0,50,0
59950,0,50,0
60050,0,50,0
60150,0,50,0
60250,0,50,0
60350,0,50,0
60450,0,50,0
60550,0,50,0
60650,0,50,0
60750,0,50,0
60850,0,50,0
60950,0,50,0
61050,0,50,0
61150,0,50,0
61250,0,50,0
61350,0,50,0
61450,0,50,0
61550,0,50,0
61650,0,50,0
61750,0,50,0
61850,0,50,0
61950,0,50,0
62050,0,50,0
62150,0,50,0
62250,0,50,0
62350,0,50,0
62450,0,50,0
62550,0,50,0
62650,0,50,0
62750,0,50,0
62850,0,50,0
62950,0,50,0
63050,0,50,0
63150,0,50,0
63250,0,50,0
63350,0,50,0
63450,0,50,0
63550,0,50,0
63650,0,50,0
63750,0,50,0
63850,0,50,0
63950,0,50,0
64050,0,50,0
64150,0,50,0
64250,0,50,0
64350,0,50,0
64450,0,50,0
64550,0,50,0
64650,0,50,0
64750,0,50,0
64850,0,50,0
64950,0,50,0
65050,0,50,0
65150,0,50,0
65250,0,50,0
65350,0,50,0
65450,0,50,0
65550,0,50,0
65650,0,50,0
65750,0,50,0
65850,0,50,0
65950,0,50,0
66050,0,50,0
66150,0,50,0
66250,0,50,0
66350,0,50,0
66450,0,50,0
66550,0,50,0
66650,0,50,0
66750,0,50,0
66850,0,50,0
66950,0,50,0
67050,0,50,0
67150,0,50,0
67250,0,50,0
67350,0,50,0
67450,0,50,0
67550,0,50,0
67650,0,50,0
67750,0,50,0
67850,0,50,0
67950,0,50,0
68050,0,50,0
68150,0,50,0
68250,0,50,0
68350,0,50,0
68450,0,50,0
68550,0,50,0
68650,0,50,0
68750,0,50,0
68850,0,50,0
68950,0,50,0
69050,0,50,0
69150,0,50,0
69250,0,50,0
69350,0,50,0
69450,0,50,0
69550,0,50,0
69650,0,50,0
69750,0,50,0
69850,0,50,0
69950,0,50,0
70050,0,50,0
70150,0,50,0
70250,0,50,0
70350,0,50,0
70450,0,50,0
70550,0,50,0
70650,0,50,0
70750,0,50,0
70850,0,50,0
70950,0,50,0
71050,0,50,0
71150,0,50,0
71250,0,50,0
71350,0,50,0
71450,0,50,0
71550,0,50,0
71650,0,50,0
71750,0,50,0
71850,0,50,0
71950,0,50,0
72050,0,50,0
72150,0,50,0
72250,0,50,0
72350,0,50,0
72450,0,50,0
72550,0,50,0
72650,0,50,0
72750,0,50,0
72850,0,50,0
72950,0,50,0
73050,0,50,0
73150,0,50,0
73250,0,50,0
73350,0,50,0
73450,0,50,0
73550,0,50,0
73650,0,50,0
73750,0,50,0
73850,0,50,0
73950,0,50,0
74050,0,50,0
74150,0,50,0
74250,0,50,0
74350,0,50,0
74450,0,50,0
74550,0,50,0
74650,0,50,0
74750,0,50,0
74850,0,50,0
74950,0,50,0
75050,0,50,0
75150,0,50,0
75250,0,50,0
75350,0,50,0
75450,0,50,0
75550,0,50,0
75650,0,50,0
75750,0,50,0
75850,0,50,0
75950,0,50,0
76050,0,50,0
76150,0,50,0
76250,0,50,0
76350,0,50,0
76450,0,50,0
76550,0,50,0
76650,0,50,0
76750,0,50,0
76850,0,50,0
76950,0,50,0
77050,0,50,0
77150,0,50,0
77250,0,50,0
77350,0,50,0
77450,0,50,0
77550,0,50,0
77650,0,50,0
77750,0,50,0
77850,0,50,0
77950,0,50,0
78050,0,50,0
78150,0,50,0
78250,0,50,0
78350,0,50,0
78450,0,50,0
78550,0,50,0
78650,0,50,0
78750,0,50,0
78850,0,50,0
78950,0,50,0
79050,0,50,0
79150,0,50,0
79250,0,50,0
79350,0,50,0
79450,0,50,0
79550,0,50,0
79650,0,50,0
79750,0,50,0
79850,0,50,0
79950,0,50,0
80050,0,50,0
80150,0,50,0
80250,0,50,0
80350,0,50,0
80450,0,50,0
80550,0,50,0
80650,0,50,0
80750,0,50,0
80850,0,50,0
80950,0,50,0
81050,0,50,0
81150,0,50,0
81250,0,50,0
81350,0,50,0
81450,0,50,0
81550,0,50,0
81650,0,50,0
81750,0,50,0
81850,0,50,0
81950,0,50,0
82050,0,50,0
82150,0,50,0
82250,0,50,0
82350,0,50,0
82450,0,50,0
82550,0,50,0
82650,0,50,0
82750,0,50,0
82850,0,50,0
82950,0,50,0
83050,0,50,0
83150,0,50,0
83250,0,50,0
83350,0,50,0
83450,0,50,0
83550,0,50,0
83650,0,50,0
83750,0,50,0
83850,0,50,0
83950,0,50,0
84050,0,50,0
84150,0,50,0
84250,0,50,0
84350,0,50,0
84450,0,50,0
84550,0,50,0
84650,0,50,0
84750,0,50,0
84850,0,50,0
84950,0,50,0
85050,0,50,0
85150,0,50,0
85250,0,50,0
85350,0,50,0
85450,0,50,0
85550,0,50,0
85650,0,50,0
85750,0,50,0
85850,0,50,0
85950,0,50,0
86050,0,50,0
86150,0,50,0
86250,0,50,0
86350,0,50,0
86450,0,50,0
86550,0,50,0
86650,0,50,0
86750,0,50,0
86850,0,50,0
86950,0,50,0
87050,0,50,0
87150,0,50,0
87250,0,50,0
87350,0,50,0
87450,0,50,0
87550,0,50,0
87650,0,50,0
87750,0,50,0
87850,0,50,0
87950,0,50,0
88050,0,50,0
88150,0,50,0
88250,0,50,0
88350,0,50,0
88450,0,50,0
88550,0,50,0
88650,0,50,0
88750,0,50,0
88850,0,50,0
88950,0,50,0
89050,0,50,0
89150,0,50,0
89250,0,50,0
89350,0,50,0
89450,0,50,0
89550,0,50,0
89650,0,50,0
89750,0,50,0
89850,0,50,0
89950,0,50,0
90050,0,50,0
90150,0,50,0
90250,0,50,0
90350,0,50,0
90450,0,50,0
90550,0,50,0
90650,0,50,0
90750,0,50,0
90850,0,50,0
90950,0,50,0
91050,0,50,0
91150,0,50,0
91250,0,50,0
91350,0,50,0
91450,0,50,0
91550,0,50,0
91650,0,50,0
91750,0,50,0
91850,0,50,0
91950,0,50,0
92050,0,50,0
92150,0,50,0
92250,0,50,0
92350,0,50,0
92450,0,50,0
92550,0,50,0
92650,0,50,0
92750,0,50,0
92850,0,50,0
92950,0,50,0
93050,0,50,0
93150,0,50,0
93250,0,50,0
93350,0,50,0
93450,0,50,0
93550,0,50,0
93650,0,50,0
93750,0,50,0
93850,0,50,0
93950,0,50,0
94050,0,50,0
94150,0,50,0
94250,0,50,0
94350,0,50,0
94450,0,50,0
94550,0,50,0
94650,0,50,0
94750,0,50,0
94850,0,50,0
94950,0,50,0
95050,0,50,0
95150,0,50,0
95250,0,50,0
95350,0,50,0
95450,0,50,0
95550,0,50,0
95650,0,50,0
95750,0,50,0
95850,0,50,0
95950,0,50,0
96050,0,50,0
96150,0,50,0
96250,0,50,0
96350,0,50,0
96450,0,50,0
96550,0,50,0
96650,0,50,0
96750,0,50,0
96850,0,50,0
96950,0,50,0
97050,0,50,0
97150,0,50,0
97250,0,50,0
97350,0,50,0
97450,0,50,0
97550,0,50,0
97650,0,50,0
97750,0,50,0
97850,0,50,0
97950,0,50,0
98050,0,50,0
98150,0,50,0
98250,0,50,0
98350,0,50,0
98450,0,50,0
98550,0,50,0
98650,0,50,0
98750,0,50,0
98850,0,50,0
98950,0,50,0
99050,0,50,0
99150,0,50,0
99250,0,50,0
99350,0,50,0
99450,0,50,0
99550,0,50,0
99650,0,50,0
99750,0,50,0
99850,0,50,0
99950,0,50,0
